3.444521129131317139e-01
4.144661128520965576e-01
4.339346587657928467e-01
4.435837566852569580e-01
4.533656537532806396e-01
4.533212184906005859e-01
4.663836061954498291e-01
4.648683667182922363e-01
4.642849862575531006e-01
4.683546721935272217e-01
4.713853299617767334e-01
4.911212027072906494e-01
5.239641666412353516e-01
5.366746783256530762e-01
5.419539809226989746e-01
5.528852343559265137e-01
5.305044054985046387e-01
5.433627963066101074e-01
5.479365587234497070e-01
5.700874924659729004e-01
5.495107769966125488e-01
5.615590214729309082e-01
5.500057935714721680e-01
5.610319375991821289e-01
5.755370259284973145e-01
5.817902088165283203e-01
5.797839760780334473e-01
5.930066108703613281e-01
5.727766156196594238e-01
5.862151384353637695e-01
5.915449261665344238e-01
5.901350975036621094e-01
5.999492406845092773e-01
5.913755893707275391e-01
5.924794077873229980e-01
5.978391766548156738e-01
5.562976002693176270e-01
5.964321494102478027e-01
6.035644412040710449e-01
5.910748839378356934e-01
6.082213521003723145e-01
5.802773237228393555e-01
6.009275317192077637e-01
6.250954270362854004e-01
6.233921647071838379e-01
6.075406074523925781e-01
6.267675161361694336e-01
6.281285285949707031e-01
6.468237042427062988e-01
6.410278081893920898e-01
6.622477173805236816e-01
6.422206759452819824e-01
6.351859569549560547e-01
6.360276937484741211e-01
6.438605785369873047e-01
6.394225358963012695e-01
6.402686238288879395e-01
6.456357240676879883e-01
6.416753530502319336e-01
6.164115667343139648e-01
6.536267995834350586e-01
6.381497383117675781e-01
6.109690666198730469e-01
6.398732066154479980e-01
6.436203718185424805e-01
6.592975854873657227e-01
6.619199514389038086e-01
6.575167775154113770e-01
6.615679860115051270e-01
6.198642253875732422e-01
6.483172774314880371e-01
6.443391442298889160e-01
6.366932988166809082e-01
6.462481617927551270e-01
6.419873237609863281e-01
6.537701487541198730e-01
6.438962817192077637e-01
6.630466580390930176e-01
6.498629450798034668e-01
6.584773659706115723e-01
6.494957208633422852e-01
6.758237481117248535e-01
6.563905477523803711e-01
6.677238345146179199e-01
6.606363058090209961e-01
6.568949818611145020e-01
6.581715345382690430e-01
6.683192849159240723e-01
6.790060997009277344e-01
6.686733961105346680e-01
6.619648337364196777e-01
7.044039964675903320e-01
6.784417033195495605e-01
6.860341429710388184e-01
6.795204281806945801e-01
6.810879111289978027e-01
6.862907409667968750e-01
6.807972192764282227e-01
6.950430870056152344e-01
7.022497653961181641e-01
6.655379533767700195e-01
6.669824719429016113e-01
6.643733978271484375e-01
6.825676560401916504e-01
6.932120323181152344e-01
7.069398164749145508e-01
6.811627745628356934e-01
7.082420587539672852e-01
7.337704300880432129e-01
6.964475512504577637e-01
6.990450024604797363e-01
7.258982062339782715e-01
6.985577344894409180e-01
7.058725953102111816e-01
7.119218707084655762e-01
7.139762639999389648e-01
6.826354265213012695e-01
6.995199918746948242e-01
7.034516334533691406e-01
7.066353559494018555e-01
7.051292061805725098e-01
7.210783958435058594e-01
7.336028218269348145e-01
7.350373268127441406e-01
7.152337431907653809e-01
7.075461149215698242e-01
7.035665512084960938e-01
7.266722321510314941e-01
7.208693027496337891e-01
7.137126326560974121e-01
7.219284772872924805e-01
7.243038415908813477e-01
7.255921959877014160e-01
7.174266576766967773e-01
7.492260336875915527e-01
7.065262794494628906e-01
7.195216417312622070e-01
7.230658531188964844e-01
7.123389840126037598e-01
7.524082064628601074e-01
7.414686083793640137e-01
7.339357137680053711e-01
7.439248561859130859e-01
7.343872189521789551e-01
7.289060354232788086e-01
7.256821393966674805e-01
7.447456121444702148e-01
7.471215724945068359e-01
7.535831928253173828e-01
7.687866687774658203e-01
7.114077806472778320e-01
7.321687936782836914e-01
7.653372883796691895e-01
7.331018447875976562e-01
7.312869429588317871e-01
7.423241138458251953e-01
7.281500697135925293e-01
7.469871044158935547e-01
7.565042376518249512e-01
7.527434229850769043e-01
7.682404518127441406e-01
7.375054359436035156e-01
7.537690401077270508e-01
7.681590914726257324e-01
7.515828609466552734e-01
7.453131079673767090e-01
7.523509263992309570e-01
7.418727874755859375e-01
7.535395622253417969e-01
7.342042922973632812e-01
7.385604977607727051e-01
7.336494922637939453e-01
7.349532246589660645e-01
7.692400813102722168e-01
7.594553828239440918e-01
7.375183105468750000e-01
7.305045723915100098e-01
7.709624171257019043e-01
7.412562370300292969e-01
7.630347609519958496e-01
7.410712242126464844e-01
7.449391484260559082e-01
7.626246213912963867e-01
7.448515892028808594e-01
7.542976737022399902e-01
7.683485150337219238e-01
7.515717744827270508e-01
7.643539309501647949e-01
7.570829987525939941e-01
7.584540247917175293e-01
7.356666922569274902e-01
7.306668758392333984e-01
7.659099102020263672e-01
7.639690637588500977e-01
7.518283128738403320e-01
7.414115667343139648e-01
7.515808343887329102e-01
7.512321472167968750e-01
7.461448907852172852e-01
7.523634433746337891e-01
7.492804527282714844e-01
7.703034877777099609e-01
7.512608766555786133e-01
7.505845427513122559e-01
7.578868269920349121e-01
7.505201101303100586e-01
7.346982955932617188e-01
7.609298229217529297e-01
7.609934210777282715e-01
7.658380270004272461e-01
7.645474672317504883e-01
7.477785944938659668e-01
7.487462759017944336e-01
7.574167847633361816e-01
7.512036561965942383e-01
7.801488041877746582e-01
7.691312432289123535e-01
7.611142992973327637e-01
7.464172244071960449e-01
7.613605856895446777e-01
7.714669108390808105e-01
7.595457434654235840e-01
7.504994273185729980e-01
7.505930662155151367e-01
7.654754519462585449e-01
7.484751343727111816e-01
7.540616989135742188e-01
7.394593954086303711e-01
7.424145340919494629e-01
7.628654241561889648e-01
7.667873501777648926e-01
7.546064257621765137e-01
7.611454725265502930e-01
7.450422644615173340e-01
7.512015104293823242e-01
7.540555596351623535e-01
7.455921769142150879e-01
7.487636208534240723e-01
7.563928365707397461e-01
7.459039688110351562e-01
7.620311379432678223e-01
7.455706596374511719e-01
7.783515453338623047e-01
7.594528794288635254e-01
7.708707451820373535e-01
7.742245793342590332e-01
7.549993991851806641e-01
7.614876627922058105e-01
7.755283117294311523e-01
7.501580119132995605e-01
7.615890502929687500e-01
7.604501843452453613e-01
7.580679655075073242e-01
7.674319148063659668e-01
7.878149151802062988e-01
7.678685784339904785e-01
7.583883404731750488e-01
7.710080742835998535e-01
7.655676007270812988e-01
7.738479375839233398e-01
7.615640163421630859e-01
7.512718439102172852e-01
7.566884756088256836e-01
7.648014426231384277e-01
7.777422070503234863e-01
7.559902071952819824e-01
7.619894742965698242e-01
7.652351856231689453e-01
7.805719971656799316e-01
7.625049948692321777e-01
7.482380867004394531e-01
7.625822424888610840e-01
7.584134340286254883e-01
7.744883894920349121e-01
7.668399810791015625e-01
7.656559944152832031e-01
7.604829072952270508e-01
7.577953338623046875e-01
7.624877095222473145e-01
7.692878842353820801e-01
7.727853655815124512e-01
7.695838809013366699e-01
7.647626399993896484e-01
7.571732401847839355e-01
7.646106481552124023e-01
7.743078470230102539e-01
7.779295444488525391e-01
7.663045525550842285e-01
7.662155628204345703e-01
7.728250026702880859e-01
7.792443037033081055e-01
7.652812004089355469e-01
7.598803043365478516e-01
7.595126628875732422e-01
7.606564164161682129e-01
7.803236842155456543e-01
7.614919543266296387e-01
7.439713478088378906e-01
7.635934352874755859e-01
7.664750814437866211e-01
7.523130774497985840e-01
7.671917080879211426e-01
7.827156186103820801e-01
7.737848162651062012e-01
7.539581656455993652e-01
7.798298597335815430e-01
7.647205591201782227e-01
7.734915018081665039e-01
7.735329270362854004e-01
7.671123743057250977e-01
7.702704668045043945e-01
7.822064757347106934e-01
7.632998228073120117e-01
7.708728313446044922e-01
7.723606228828430176e-01
7.642077207565307617e-01
7.793927192687988281e-01
7.592478394508361816e-01
7.691516280174255371e-01
7.822231054306030273e-01
7.562303543090820312e-01
7.488316893577575684e-01
7.653418779373168945e-01
7.650194168090820312e-01
7.640343308448791504e-01
7.782918214797973633e-01
7.779623270034790039e-01
7.603880763053894043e-01
7.536724805831909180e-01
7.634174227714538574e-01
7.676870822906494141e-01
7.617450356483459473e-01
7.676107287406921387e-01
7.477691769599914551e-01
7.790164947509765625e-01
7.722383737564086914e-01
7.589828372001647949e-01
7.480980753898620605e-01
7.712971568107604980e-01
7.707350254058837891e-01
7.642899751663208008e-01
7.687143683433532715e-01
7.656202316284179688e-01
7.773515582084655762e-01
7.836693525314331055e-01
7.696602344512939453e-01
7.770341038703918457e-01
7.787346839904785156e-01
7.700747847557067871e-01
7.657555937767028809e-01
7.671044468879699707e-01
7.678247094154357910e-01
7.506328225135803223e-01
7.715923786163330078e-01
7.506058216094970703e-01
7.795137763023376465e-01
7.551279664039611816e-01
7.534984350204467773e-01
7.669765949249267578e-01
7.659864425659179688e-01
7.704651951789855957e-01
7.787179946899414062e-01
7.645595073699951172e-01
7.613870501518249512e-01
7.839587926864624023e-01
7.627817392349243164e-01
7.644983530044555664e-01
7.681940793991088867e-01
7.792611718177795410e-01
7.713171839714050293e-01
7.781017422676086426e-01
7.531030178070068359e-01
7.770677804946899414e-01
7.529084682464599609e-01
7.666015625000000000e-01
7.591709494590759277e-01
7.540938258171081543e-01
7.778984308242797852e-01
7.783874869346618652e-01
7.631208896636962891e-01
7.655237913131713867e-01
7.528481483459472656e-01
7.781097292900085449e-01
7.702512145042419434e-01
7.587908506393432617e-01
7.786980867385864258e-01
7.615537643432617188e-01
7.667053937911987305e-01
7.867325544357299805e-01
7.681196331977844238e-01
7.781917452812194824e-01
7.648375034332275391e-01
7.552296519279479980e-01
7.645058631896972656e-01
7.557771801948547363e-01
7.811596393585205078e-01
7.614047527313232422e-01
7.667500376701354980e-01
7.658442258834838867e-01
7.624616622924804688e-01
