2.891427278518676758e-01
3.605513870716094971e-01
3.687910437583923340e-01
3.738380670547485352e-01
3.819407820701599121e-01
3.838251531124114990e-01
3.939841985702514648e-01
3.953922092914581299e-01
3.913886249065399170e-01
3.987139463424682617e-01
3.935835063457489014e-01
4.074071645736694336e-01
4.201476871967315674e-01
4.296809136867523193e-01
4.346176385879516602e-01
4.421018362045288086e-01
4.261814057826995850e-01
4.361112713813781738e-01
4.392781257629394531e-01
4.605979919433593750e-01
4.411394596099853516e-01
4.518327713012695312e-01
4.424779415130615234e-01
4.518359303474426270e-01
4.631460905075073242e-01
4.716849923133850098e-01
4.668351411819458008e-01
4.791052043437957764e-01
4.649497568607330322e-01
4.732577800750732422e-01
4.808664619922637939e-01
4.794159233570098877e-01
4.864936769008636475e-01
4.796215891838073730e-01
4.826641678810119629e-01
4.887301325798034668e-01
4.493842124938964844e-01
4.839809536933898926e-01
4.894042015075683594e-01
4.806275963783264160e-01
4.952319264411926270e-01
4.727083146572113037e-01
4.902453720569610596e-01
5.103859901428222656e-01
5.102968215942382812e-01
4.964953660964965820e-01
5.150823593139648438e-01
5.145410299301147461e-01
5.349934697151184082e-01
5.274326801300048828e-01
5.484538078308105469e-01
5.291365385055541992e-01
5.216825008392333984e-01
5.249629616737365723e-01
5.317848920822143555e-01
5.274295806884765625e-01
5.291997790336608887e-01
5.308830738067626953e-01
5.270565152168273926e-01
5.047404170036315918e-01
5.390673875808715820e-01
5.266394019126892090e-01
4.981014132499694824e-01
5.273635387420654297e-01
5.306475758552551270e-01
5.436103940010070801e-01
5.491145849227905273e-01
5.466432571411132812e-01
5.489020347595214844e-01
5.060161948204040527e-01
5.337619185447692871e-01
5.303816795349121094e-01
5.229869484901428223e-01
5.333665013313293457e-01
5.303255915641784668e-01
5.415588617324829102e-01
5.323359966278076172e-01
5.486688017845153809e-01
5.367096662521362305e-01
5.447928905487060547e-01
5.339953303337097168e-01
5.614525675773620605e-01
5.431800484657287598e-01
5.557188391685485840e-01
5.493753552436828613e-01
5.460548996925354004e-01
5.446369051933288574e-01
5.544279813766479492e-01
5.659191012382507324e-01
5.602654218673706055e-01
5.538633465766906738e-01
5.905498266220092773e-01
5.674527883529663086e-01
5.718185901641845703e-01
5.686562657356262207e-01
5.689266920089721680e-01
5.735241174697875977e-01
5.700594782829284668e-01
5.843746066093444824e-01
5.882259607315063477e-01
5.540804266929626465e-01
5.547083020210266113e-01
5.559077858924865723e-01
5.719563364982604980e-01
5.777212977409362793e-01
5.963060855865478516e-01
5.727596282958984375e-01
5.969982147216796875e-01
6.226927042007446289e-01
5.867120623588562012e-01
5.859414935111999512e-01
6.127755641937255859e-01
5.873923897743225098e-01
5.939972996711730957e-01
5.998613238334655762e-01
6.054989099502563477e-01
5.724590420722961426e-01
5.878061056137084961e-01
5.924554467201232910e-01
5.952687859535217285e-01
5.940173268318176270e-01
6.130318641662597656e-01
6.226158738136291504e-01
6.301397681236267090e-01
6.042482852935791016e-01
6.006014347076416016e-01
5.913590192794799805e-01
6.147231459617614746e-01
6.153960824012756348e-01
6.045828461647033691e-01
6.107752323150634766e-01
6.135499477386474609e-01
6.188279390335083008e-01
6.065314412117004395e-01
6.402788758277893066e-01
6.019794344902038574e-01
6.073768734931945801e-01
6.145424246788024902e-01
6.014080047607421875e-01
6.397128105163574219e-01
6.334052085876464844e-01
6.226247549057006836e-01
6.334102749824523926e-01
6.241200566291809082e-01
6.218806505203247070e-01
6.157985329627990723e-01
6.314361691474914551e-01
6.372820138931274414e-01
6.459889411926269531e-01
6.624183058738708496e-01
6.050325632095336914e-01
6.200248599052429199e-01
6.575819253921508789e-01
6.261118054389953613e-01
6.241974830627441406e-01
6.342159509658813477e-01
6.228892207145690918e-01
6.381337642669677734e-01
6.492667794227600098e-01
6.421598196029663086e-01
6.599748134613037109e-01
6.292616724967956543e-01
6.452625393867492676e-01
6.640140414237976074e-01
6.430901885032653809e-01
6.366269588470458984e-01
6.467890739440917969e-01
6.336854100227355957e-01
6.455892324447631836e-01
6.235498785972595215e-01
6.294949650764465332e-01
6.255589723587036133e-01
6.284700036048889160e-01
6.627498865127563477e-01
6.524342298507690430e-01
6.285098791122436523e-01
6.250385046005249023e-01
6.610433459281921387e-01
6.351186037063598633e-01
6.565464735031127930e-01
6.350865364074707031e-01
6.377260684967041016e-01
6.557263731956481934e-01
6.382076740264892578e-01
6.471222043037414551e-01
6.638104915618896484e-01
6.452654004096984863e-01
6.563283801078796387e-01
6.491310000419616699e-01
6.513049006462097168e-01
6.271969079971313477e-01
6.210947036743164062e-01
6.595039963722229004e-01
6.562561392784118652e-01
6.471454501152038574e-01
6.387031674385070801e-01
6.445700526237487793e-01
6.452441215515136719e-01
6.379337310791015625e-01
6.440176963806152344e-01
6.383119821548461914e-01
6.617552042007446289e-01
6.439720988273620605e-01
6.452255249023437500e-01
6.512026786804199219e-01
6.435005068778991699e-01
6.291545033454895020e-01
6.550842523574829102e-01
6.553147435188293457e-01
6.578092575073242188e-01
6.580716371536254883e-01
6.407968401908874512e-01
6.397995948791503906e-01
6.507863998413085938e-01
6.458836793899536133e-01
6.723418235778808594e-01
6.618753075599670410e-01
6.551558375358581543e-01
6.414598822593688965e-01
6.537877917289733887e-01
6.641607284545898438e-01
6.543813943862915039e-01
6.461701989173889160e-01
6.440734267234802246e-01
6.600324511528015137e-01
6.444422006607055664e-01
6.479581594467163086e-01
6.345829963684082031e-01
6.384647488594055176e-01
6.596456766128540039e-01
6.602277755737304688e-01
6.483131647109985352e-01
6.558222174644470215e-01
6.419367790222167969e-01
6.456725001335144043e-01
6.493093967437744141e-01
6.390239000320434570e-01
6.440401077270507812e-01
6.509506702423095703e-01
6.416330933570861816e-01
6.564666032791137695e-01
6.397069096565246582e-01
6.745452880859375000e-01
6.546517014503479004e-01
6.637021303176879883e-01
6.710507273674011230e-01
6.510659456253051758e-01
6.564759016036987305e-01
6.707149744033813477e-01
6.426324248313903809e-01
6.590070724487304688e-01
6.550691723823547363e-01
6.522767543792724609e-01
6.629040241241455078e-01
6.815715432167053223e-01
6.635314822196960449e-01
6.540066599845886230e-01
6.666194200515747070e-01
6.609449982643127441e-01
6.683382987976074219e-01
6.579708456993103027e-01
6.494396924972534180e-01
6.521845459938049316e-01
6.592370271682739258e-01
6.701936721801757812e-01
6.526101827621459961e-01
6.591036915779113770e-01
6.567895412445068359e-01
6.748166680335998535e-01
6.563027501106262207e-01
6.415627598762512207e-01
6.588543057441711426e-01
6.532891988754272461e-01
6.667648553848266602e-01
6.601593494415283203e-01
6.622197031974792480e-01
6.527191996574401855e-01
6.531080603599548340e-01
6.568198204040527344e-01
6.609826087951660156e-01
6.674318313598632812e-01
6.623293757438659668e-01
6.588430404663085938e-01
6.487050652503967285e-01
6.594168543815612793e-01
6.685760021209716797e-01
6.755563616752624512e-01
6.585440039634704590e-01
6.613287329673767090e-01
6.707477569580078125e-01
6.734448671340942383e-01
6.579903960227966309e-01
6.543728709220886230e-01
6.570156216621398926e-01
6.544909477233886719e-01
6.759470105171203613e-01
6.562377214431762695e-01
6.388030648231506348e-01
6.595335006713867188e-01
6.614505648612976074e-01
6.478057503700256348e-01
6.594559550285339355e-01
6.783012747764587402e-01
6.694671511650085449e-01
6.469249129295349121e-01
6.734045743942260742e-01
6.595611572265625000e-01
6.663555502891540527e-01
6.668152213096618652e-01
6.650072336196899414e-01
6.653454899787902832e-01
6.762536764144897461e-01
6.577950119972229004e-01
6.658053994178771973e-01
6.685120463371276855e-01
6.597248911857604980e-01
6.749486923217773438e-01
6.545923948287963867e-01
6.627620458602905273e-01
6.763914227485656738e-01
6.494700312614440918e-01
6.462075710296630859e-01
6.577511429786682129e-01
6.584345102310180664e-01
6.568759679794311523e-01
6.709336042404174805e-01
6.709558963775634766e-01
6.521479487419128418e-01
6.512861847877502441e-01
6.577405333518981934e-01
6.674653291702270508e-01
6.569554805755615234e-01
6.612532138824462891e-01
6.426041722297668457e-01
6.751408576965332031e-01
6.665180325508117676e-01
6.568787693977355957e-01
6.404641270637512207e-01
6.657805442810058594e-01
6.651784777641296387e-01
6.576614975929260254e-01
6.640270948410034180e-01
6.652067303657531738e-01
6.736655831336975098e-01
6.797761917114257812e-01
6.659593582153320312e-01
6.729670166969299316e-01
6.739553809165954590e-01
6.629232764244079590e-01
6.593338847160339355e-01
6.600156426429748535e-01
6.632686257362365723e-01
6.450271010398864746e-01
6.654349565505981445e-01
6.485818624496459961e-01
6.734786033630371094e-01
6.511318683624267578e-01
6.497549414634704590e-01
6.595067381858825684e-01
6.571075320243835449e-01
6.675405502319335938e-01
6.761713027954101562e-01
6.620029211044311523e-01
6.564248800277709961e-01
6.756873726844787598e-01
6.569558382034301758e-01
6.563894748687744141e-01
6.627925038337707520e-01
6.752058267593383789e-01
6.661356687545776367e-01
6.748961806297302246e-01
6.463802456855773926e-01
6.708112359046936035e-01
6.511340737342834473e-01
6.624330282211303711e-01
6.522328853607177734e-01
6.467943191528320312e-01
6.731979250907897949e-01
6.748951077461242676e-01
6.581075787544250488e-01
6.607235670089721680e-01
6.483952403068542480e-01
6.746077537536621094e-01
6.644471883773803711e-01
6.561345458030700684e-01
6.723293066024780273e-01
6.567420959472656250e-01
6.645213365554809570e-01
6.797419190406799316e-01
6.632012724876403809e-01
6.719889640808105469e-01
6.619606614112854004e-01
6.476463675498962402e-01
6.581709980964660645e-01
6.518535614013671875e-01
6.780336499214172363e-01
6.561408042907714844e-01
6.605834960937500000e-01
6.596601605415344238e-01
6.584409475326538086e-01
