8.074349882081151009e-01
7.269744044169783592e-01
7.074437029659748077e-01
6.995178749784827232e-01
6.880914978682994843e-01
6.866696523502469063e-01
6.741422191262245178e-01
6.744940765202045441e-01
6.754064681008458138e-01
6.707131164148449898e-01
6.684610657393932343e-01
6.486044051125645638e-01
6.129504037089645863e-01
5.994945014826953411e-01
5.948067982681095600e-01
5.823914837092161179e-01
6.134894634597003460e-01
5.930441841483116150e-01
5.880449726246297359e-01
5.643911180086433887e-01
5.850186315365135670e-01
5.729765696451067924e-01
5.846447162330150604e-01
5.736013771966099739e-01
5.583973596803843975e-01
5.518856961280107498e-01
5.533562535420060158e-01
5.414001774042844772e-01
5.656580384820699692e-01
5.472896504215896130e-01
5.417142282240092754e-01
5.439054118469357491e-01
5.325856287963688374e-01
5.409515737555921078e-01
5.445346613414585590e-01
5.358736268244683743e-01
5.780453998595476151e-01
5.370523659512400627e-01
5.288034914992749691e-01
5.419723400846123695e-01
5.284991418011486530e-01
5.524690267629921436e-01
5.316656581126153469e-01
5.103861768729984760e-01
5.167185007594525814e-01
5.250803697854280472e-01
5.045611066743731499e-01
5.038823680952191353e-01
5.000714096240699291e-01
5.053125387057662010e-01
4.894328173249959946e-01
5.053270226344466209e-01
5.000031613744795322e-01
5.106892059557139874e-01
4.916845993138849735e-01
4.914797218516469002e-01
4.989661388099193573e-01
4.943019873462617397e-01
5.050153830088675022e-01
5.154683096334338188e-01
4.820878594182431698e-01
5.011757258325815201e-01
5.217757308855652809e-01
4.957095403224229813e-01
4.867802462540566921e-01
4.797071591019630432e-01
4.804537785239517689e-01
4.810803951695561409e-01
4.728577728383243084e-01
5.153519534505903721e-01
4.835187671706080437e-01
4.874815046787261963e-01
4.943413962610065937e-01
4.852472050115466118e-01
4.888551249168813229e-01
4.816686837002635002e-01
4.873945130966603756e-01
4.674297170713543892e-01
4.845556933432817459e-01
4.771919236518442631e-01
4.811459756456315517e-01
4.585075485520064831e-01
4.741183938458561897e-01
4.627154450863599777e-01
4.697762858122587204e-01
4.735774649307131767e-01
4.762133946642279625e-01
4.622617647983133793e-01
4.619123307056725025e-01
4.654917065054178238e-01
4.724214761517941952e-01
4.448772640898823738e-01
4.517893781885504723e-01
4.672373957000672817e-01
4.578916798345744610e-01
4.646587898023426533e-01
4.593601971864700317e-01
4.566348958760499954e-01
4.547496763989329338e-01
4.466710356064140797e-01
4.649183391593396664e-01
4.631123794242739677e-01
4.693799265660345554e-01
4.550911067053675652e-01
4.437580988742411137e-01
4.376559085212647915e-01
4.564015455543994904e-01
4.521924029104411602e-01
4.232429540716111660e-01
4.407876490149646997e-01
4.384323013946413994e-01
4.226151790935546160e-01
4.302461720071732998e-01
4.238980142399668694e-01
4.321965998969972134e-01
4.425488780252635479e-01
4.585548294708132744e-01
4.368028701283037663e-01
4.411627035588026047e-01
4.381514876149594784e-01
4.356489074416458607e-01
4.431051164865493774e-01
4.183621697593480349e-01
4.375268728472292423e-01
4.366947915405035019e-01
4.371144575998187065e-01
4.328730613924562931e-01
4.174203528091311455e-01
4.429848245345056057e-01
4.236553316004574299e-01
4.217229275964200497e-01
4.316713358275592327e-01
4.154746157582849264e-01
4.351556845940649509e-01
4.182950099930167198e-01
4.382373497355729342e-01
4.207595875486731529e-01
4.179685730487108231e-01
4.278116934001445770e-01
4.229372062254697084e-01
4.222074495628476143e-01
4.145171628333628178e-01
4.124011339154094458e-01
4.148809439502656460e-01
4.309533871710300446e-01
4.300313345156610012e-01
4.105521447490900755e-01
4.165332191623747349e-01
4.252323582768440247e-01
4.070283791515976191e-01
4.370868103578686714e-01
4.155976737383753061e-01
4.103079554624855518e-01
4.114392062183469534e-01
4.206120243761688471e-01
3.941472764126956463e-01
4.199483024422079325e-01
4.040018259547650814e-01
4.220083178952336311e-01
4.029361549764871597e-01
3.989655091427266598e-01
4.296000960748642683e-01
4.013904547318816185e-01
3.995281499810516834e-01
4.155904601793736219e-01
4.137454193551093340e-01
4.069653584156185389e-01
4.130182610824704170e-01
4.140092185698449612e-01
4.215759206563234329e-01
4.207781627774238586e-01
4.138820264488458633e-01
4.207218447700142860e-01
4.012644935864955187e-01
4.117979281581938267e-01
3.984316887799650431e-01
4.054755507968366146e-01
3.885572385042905807e-01
4.136902606114745140e-01
3.964127781800925732e-01
4.023985862731933594e-01
3.988178996369242668e-01
3.972241240553557873e-01
3.980029879603534937e-01
3.969690378289669752e-01
3.954119703266769648e-01
4.036760220769792795e-01
3.865348256658762693e-01
4.099529469385743141e-01
3.854278312064707279e-01
3.997195945121347904e-01
4.008989264257252216e-01
4.015085562132298946e-01
3.948658420704305172e-01
4.036840912885963917e-01
4.097300011198967695e-01
4.115178987849503756e-01
3.956534343305975199e-01
3.899396320339292288e-01
3.989617072511464357e-01
3.930826429277658463e-01
3.885694704949855804e-01
4.040319728665053844e-01
4.081395971588790417e-01
3.895908105187118053e-01
4.042404193896800280e-01
4.040411771275103092e-01
3.988789794966578484e-01
3.940432271920144558e-01
3.857968105003237724e-01
3.947166809812188148e-01
3.993052875157445669e-01
4.025360902305692434e-01
3.940778749529272318e-01
3.923136442899703979e-01
3.903659596107900143e-01
3.818838661536574364e-01
3.898607804439961910e-01
3.967847274616360664e-01
3.851855115499347448e-01
3.842747448943555355e-01
3.956580394878983498e-01
4.043786837719380856e-01
4.046622244641184807e-01
3.899684825446456671e-01
3.981668255291879177e-01
3.890040486585348845e-01
4.003169063944369555e-01
3.970723785459995270e-01
3.961901415605098009e-01
3.844297621399164200e-01
3.922109284903854132e-01
3.861036030575633049e-01
3.983871936798095703e-01
4.003136423416435719e-01
3.973691072314977646e-01
4.006475610658526421e-01
3.906462364830076694e-01
4.059973200783133507e-01
4.011021179612725973e-01
4.008020875044167042e-01
4.017680548131465912e-01
3.886410987470299006e-01
3.947361041791737080e-01
3.841243269853293896e-01
3.772400876041501760e-01
4.011562613304704428e-01
3.934690810274332762e-01
3.952944120392203331e-01
4.003465147688984871e-01
3.814655400346964598e-01
3.980688401497900486e-01
4.043890531174838543e-01
3.832520016003400087e-01
3.786314064636826515e-01
3.832860561087727547e-01
4.005901280324906111e-01
3.959395373240113258e-01
3.974508764222264290e-01
4.000291388947516680e-01
3.863614152651280165e-01
4.122228692285716534e-01
3.985131930094212294e-01
3.865292412228882313e-01
3.812077401671558619e-01
3.872142136096954346e-01
3.929873574525117874e-01
3.890469232574105263e-01
3.819537414237856865e-01
3.769027129746973515e-01
3.945032795891165733e-01
3.961927555501461029e-01
4.005472105927765369e-01
3.724485056009143591e-01
3.838493837974965572e-01
3.892412933055311441e-01
3.819024718832224607e-01
3.936561320442706347e-01
3.928587727714329958e-01
3.890857340302318335e-01
3.816741565242409706e-01
3.892964331898838282e-01
3.871750326361507177e-01
3.862184640020132065e-01
3.945196550339460373e-01
3.850269275717437267e-01
3.813719416502863169e-01
3.961463537998497486e-01
3.806161768734455109e-01
3.937342674471437931e-01
3.759444649331271648e-01
3.981215050444006920e-01
3.906925590708851814e-01
3.958732760511338711e-01
3.907891493290662766e-01
3.787662966642528772e-01
3.851072189863771200e-01
4.070024343673139811e-01
3.877126653678715229e-01
3.884850342292338610e-01
4.024091819301247597e-01
3.795484835281968117e-01
3.839324407745152712e-01
3.851140865590423346e-01
3.967855086084455252e-01
3.676133458502590656e-01
3.818332497030496597e-01
3.884807061403989792e-01
3.854516781866550446e-01
3.801690922118723392e-01
3.890937939286231995e-01
3.767114721704274416e-01
3.955957395955920219e-01
3.842836334370076656e-01
3.983610004652291536e-01
3.946204890962690115e-01
3.905107558239251375e-01
3.922034320421516895e-01
3.734397415537387133e-01
3.847348643466830254e-01
3.869125142227858305e-01
3.991294663865119219e-01
3.932762015610933304e-01
3.887943972367793322e-01
3.950954915490001440e-01
3.730204440653324127e-01
3.835516688413918018e-01
3.868438859935849905e-01
4.006303031928837299e-01
3.878124197944998741e-01
3.880131782498210669e-01
3.815723885782063007e-01
3.986399243585765362e-01
3.840921183582395315e-01
3.801348314154893160e-01
3.787814471870660782e-01
4.042965557891875505e-01
3.913169917650520802e-01
3.837216480169445276e-01
3.955944557674229145e-01
3.784935008734464645e-01
3.900292648468166590e-01
3.973485070746392012e-01
3.973409696482121944e-01
3.869064489845186472e-01
3.889227015897631645e-01
3.967661242932081223e-01
3.952988015953451395e-01
3.850512367207556963e-01
3.804517155513167381e-01
3.997158957645297050e-01
3.867747909389436245e-01
3.843972082249820232e-01
3.873214153572916985e-01
4.039542290847748518e-01
3.790112296119332314e-01
3.962402273900806904e-01
3.936455044895410538e-01
3.881500863935798407e-01
3.892782309558242559e-01
3.838402512483298779e-01
3.950766539201140404e-01
3.902326612733304501e-01
3.891713111661374569e-01
3.821000750176608562e-01
3.956809767987579107e-01
3.821623916737735271e-01
3.832020859699696302e-01
3.876979497727006674e-01
3.878550319932401180e-01
3.841271381825208664e-01
3.968625715933740139e-01
3.937303447164595127e-01
3.906626298557966948e-01
3.884978131391108036e-01
3.915673983283340931e-01
3.927285352256149054e-01
3.768086805939674377e-01
3.953114578034728765e-01
3.870446723885834217e-01
3.887296915054321289e-01
3.905945294536650181e-01
3.765212376601994038e-01
3.847476541996002197e-01
3.962787122000008821e-01
3.841156836133450270e-01
3.933873460628092289e-01
3.842183058150112629e-01
3.875340169761329889e-01
3.899286026135087013e-01
3.770038483198732138e-01
3.940624874085187912e-01
3.955075212288647890e-01
3.862580475397408009e-01
4.028081472497433424e-01
3.770403151866048574e-01
3.848766325972974300e-01
3.955739138182252645e-01
3.924388345330953598e-01
3.883620272390544415e-01
